0 0.049941 0.037409 0.035807 0.029022
0 0.037927 0.023086 0.035713 0.030530
4 0.140000 0.026400 0.014400 0.016400
24 0.188050 0.019700 0.001500 0.001800
1 0.267828 0.057514 0.029454 0.021556
0 0.279861 0.027085 0.035865 0.025923
2 0.277631 0.039535 0.027503 0.018490
3 0.246225 0.079071 0.012451 0.001858
5 0.364750 0.043900 0.017900 0.017600
2 0.409852 0.068966 0.008473 0.018719
6 0.516300 0.024450 0.023200 0.025100
24 0.598844 0.020267 0.003378 0.004444
24 0.591333 0.023600 0.003644 0.003644
3 0.700798 0.025586 0.007062 0.010157
7 0.730750 0.014200 0.021100 0.024800
7 0.752350 0.012000 0.021700 0.023800
7 0.774150 0.012550 0.021500 0.024500
7 0.740750 0.029550 0.021700 0.024500
7 0.762900 0.030650 0.021600 0.024700
7 0.785000 0.032050 0.021400 0.025300
7 0.729850 0.048200 0.018900 0.026200
7 0.751100 0.049150 0.021400 0.025300
7 0.773250 0.050450 0.021900 0.025300
7 0.760800 0.067950 0.022400 0.024100
7 0.783650 0.068200 0.021700 0.022600
0 0.852273 0.059578 0.037168 0.031304
0 0.841292 0.044273 0.039652 0.030509
8 0.935100 0.064750 0.007600 0.009300
1 0.036787 0.159069 0.013970 0.001863
2 0.045588 0.146822 0.008848 0.017788
2 0.048056 0.147194 0.010244 0.019092
2 0.057229 0.120373 0.007357 0.014622
2 0.058813 0.122980 0.009593 0.019092
2 0.061746 0.122468 0.008196 0.016019
2 0.071059 0.087451 0.007637 0.014715
9 0.116650 0.082750 0.005500 0.005300
9 0.116700 0.089000 0.005400 0.005800
9 0.116850 0.095100 0.005500 0.005800
9 0.117000 0.104300 0.005400 0.005800
9 0.117200 0.115650 0.005400 0.005900
9 0.117350 0.123550 0.005500 0.005700
9 0.117600 0.138100 0.005400 0.005800
9 0.117750 0.145700 0.005500 0.006000
9 0.118050 0.156700 0.005500 0.006000
24 0.230267 0.081689 0.004711 0.003378
24 0.222489 0.109200 0.003556 0.004533
24 0.216533 0.080756 0.004089 0.001511
2 0.255253 0.107972 0.005622 0.009862
10 0.333350 0.094250 0.015300 0.013700
10 0.336700 0.108150 0.013800 0.013100
10 0.345300 0.135050 0.014600 0.014300
10 0.349800 0.150550 0.013600 0.014500
10 0.361750 0.085850 0.014500 0.011500
10 0.366550 0.097950 0.014300 0.013300
10 0.371000 0.111150 0.013800 0.013500
10 0.375450 0.124850 0.013900 0.014300
10 0.380150 0.139400 0.014900 0.014200
10 0.385750 0.153350 0.014700 0.013300
3 0.443571 0.093366 0.035416 0.011870
11 0.518300 0.109900 0.035800 0.031200
24 0.626444 0.095467 0.004000 0.004089
24 0.628889 0.152267 0.003378 0.004444
24 0.607822 0.113467 0.003733 0.003822
24 0.616933 0.104089 0.003467 0.004089
24 0.621378 0.155600 0.003644 0.003644
1 0.672180 0.142876 0.024449 0.018607
2 0.675011 0.128674 0.016809 0.012135
3 0.667820 0.123461 0.025258 0.015011
1 0.692360 0.092854 0.028494 0.020854
2 0.701843 0.082202 0.026607 0.004404
2 0.675371 0.132225 0.018427 0.009528
3 0.666157 0.119685 0.022652 0.013753
12 0.753750 0.124900 0.009900 0.010000
2 0.822196 0.101623 0.005632 0.018425
2 0.825107 0.100621 0.005537 0.015847
13 0.906250 0.120650 0.013700 0.013100
3 0.015583 0.215900 0.021200 0.014315
14 0.096200 0.189000 0.010800 0.010800
14 0.085400 0.193300 0.010400 0.011200
14 0.086050 0.221150 0.010500 0.011700
14 0.096650 0.216350 0.010100 0.010900
14 0.107350 0.211800 0.010300 0.011400
14 0.119100 0.206600 0.010600 0.011600
14 0.130200 0.202100 0.010400 0.011400
14 0.142550 0.196600 0.010700 0.011600
14 0.154550 0.191150 0.010700 0.011100
24 0.187244 0.197378 0.005956 0.005778
24 0.194844 0.184267 0.003378 0.003733
24 0.194444 0.186356 0.003289 0.003644
24 0.200133 0.234978 0.003467 0.003289
24 0.218889 0.216489 0.003289 0.003467
24 0.209867 0.225956 0.003200 0.003378
1 0.241653 0.237107 0.003307 0.005786
2 0.241148 0.229208 0.002296 0.012400
1 0.252997 0.192606 0.025993 0.021309
0 0.263330 0.167669 0.035454 0.015339
2 0.261125 0.174834 0.027187 0.018278
2 0.294466 0.235270 0.005511 0.008542
2 0.241745 0.232836 0.003490 0.009736
15 0.369450 0.166950 0.005700 0.007500
15 0.362900 0.165750 0.006200 0.007500
15 0.338950 0.167000 0.006500 0.006200
15 0.352900 0.202550 0.006200 0.006900
15 0.370300 0.217550 0.007000 0.007500
15 0.378500 0.224150 0.006600 0.007100
15 0.386900 0.230500 0.006600 0.007200
15 0.394450 0.236900 0.007100 0.006200
2 0.455334 0.194326 0.009566 0.008441
2 0.454959 0.195170 0.011254 0.008628
2 0.452849 0.196295 0.012474 0.010129
16 0.540450 0.199500 0.006500 0.008400
24 0.614756 0.215422 0.004622 0.006311
24 0.591644 0.231733 0.004800 0.005689
24 0.605067 0.221867 0.004800 0.005689
24 0.602178 0.167022 0.004711 0.004978
24 0.564667 0.193778 0.005067 0.004444
24 0.581911 0.183556 0.004889 0.004444
24 0.577911 0.208267 0.004889 0.004267
24 0.638044 0.189778 0.003733 0.003911
24 0.609333 0.230533 0.003022 0.003644
24 0.610533 0.229556 0.002933 0.003644
24 0.617822 0.224044 0.002578 0.003111
24 0.613822 0.227067 0.002578 0.003111
24 0.616711 0.224978 0.002489 0.003022
24 0.615644 0.225600 0.002489 0.003022
24 0.612711 0.228000 0.002489 0.003022
24 0.611644 0.228622 0.002489 0.003022
24 0.619156 0.223289 0.002400 0.002844
24 0.624844 0.219289 0.002400 0.002844
24 0.614844 0.226311 0.002311 0.002844
24 0.625867 0.218400 0.002311 0.002844
3 0.687506 0.207022 0.040775 0.020436
17 0.771450 0.193250 0.031700 0.028700
2 0.825505 0.221045 0.019048 0.015610
3 0.844135 0.228246 0.019884 0.019048
3 0.822857 0.217979 0.020256 0.016539
18 0.908750 0.176950 0.008900 0.008300
18 0.903000 0.183150 0.009600 0.008700
18 0.897550 0.188600 0.009100 0.008200
18 0.892100 0.193800 0.009400 0.008200
18 0.952600 0.179550 0.008600 0.008100
18 0.946650 0.185250 0.008700 0.008300
18 0.942050 0.190350 0.008900 0.007900
18 0.937250 0.195800 0.008700 0.008400
18 0.932000 0.200900 0.008200 0.008000
18 0.927100 0.206400 0.008000 0.008800
18 0.922550 0.211350 0.008700 0.008300
18 0.917050 0.216600 0.008900 0.008200
3 0.030706 0.289002 0.026180 0.017421
19 0.104450 0.294800 0.012500 0.012400
24 0.182267 0.286711 0.002933 0.003467
24 0.183422 0.285911 0.002933 0.003467
24 0.184844 0.284844 0.002933 0.003467
24 0.186089 0.283867 0.002933 0.003467
24 0.187156 0.283067 0.002933 0.003467
24 0.188489 0.282267 0.002933 0.003467
24 0.190978 0.280489 0.002933 0.003467
24 0.192133 0.279689 0.002933 0.003467
24 0.190533 0.289289 0.002933 0.003467
24 0.188933 0.290089 0.002933 0.003467
24 0.186533 0.291511 0.002933 0.003467
24 0.187778 0.290711 0.002933 0.003467
24 0.185556 0.292578 0.002933 0.003467
24 0.168978 0.307244 0.003911 0.002578
24 0.189644 0.281333 0.002933 0.003378
24 0.192489 0.287378 0.002933 0.003378
24 0.191511 0.288444 0.002933 0.003378
24 0.168533 0.308711 0.003911 0.002489
24 0.168089 0.310489 0.003911 0.002489
24 0.174533 0.308844 0.003289 0.001689
24 0.174356 0.310178 0.003289 0.001689
24 0.173244 0.311867 0.003200 0.001689
24 0.175778 0.304578 0.003467 0.001511
24 0.175422 0.306622 0.003289 0.001511
2 0.310232 0.313287 0.009167 0.013426
2 0.262870 0.253194 0.005741 0.016204
2 0.263472 0.269630 0.003056 0.011852
2 0.259444 0.268796 0.003704 0.012037
20 0.343850 0.273400 0.022100 0.021200
3 0.404731 0.273489 0.007588 0.015269
21 0.550072 0.273141 0.008729 0.008153
21 0.547146 0.282590 0.008249 0.008249
21 0.532566 0.267146 0.008441 0.007866
21 0.529400 0.276163 0.008633 0.007866
21 0.526427 0.285276 0.008825 0.007482
21 0.523309 0.294293 0.008729 0.008249
21 0.504125 0.287098 0.007962 0.007866
21 0.484844 0.280144 0.007770 0.007962
24 0.588050 0.259700 0.001500 0.001800
2 0.704020 0.297442 0.009354 0.023873
2 0.713618 0.299245 0.006724 0.018124
2 0.700901 0.299245 0.005262 0.016955
2 0.710304 0.274787 0.005554 0.015591
22 0.743100 0.263700 0.009000 0.006800
3 0.860266 0.277485 0.025151 0.029891
23 0.943350 0.266000 0.011100 0.013800
2 0.048775 0.395099 0.023244 0.008308
1 0.073419 0.379510 0.013162 0.026231
2 0.079113 0.355052 0.001774 0.017830
2 0.050128 0.391132 0.026324 0.010642
4 0.136700 0.354600 0.013600 0.010800
24 0.198844 0.340267 0.003378 0.004444
24 0.191333 0.343600 0.003644 0.003644
3 0.295385 0.343722 0.028586 0.020050
5 0.369850 0.360050 0.016700 0.021500
2 0.441903 0.335963 0.018283 0.014849
3 0.460464 0.344037 0.019582 0.019675
2 0.439490 0.333550 0.018469 0.015777
2 0.444269 0.339675 0.018190 0.015406
6 0.518050 0.361200 0.016900 0.017600
24 0.630267 0.321689 0.004711 0.003378
24 0.622489 0.349200 0.003556 0.004533
24 0.616533 0.320756 0.004089 0.001511
3 0.687208 0.360565 0.018846 0.005748
7 0.751295 0.326922 0.007710 0.006549
7 0.735130 0.333430 0.007544 0.006301
7 0.734632 0.340394 0.007710 0.006301
7 0.736870 0.357803 0.008041 0.007295
7 0.754404 0.358176 0.007959 0.006881
7 0.771523 0.358259 0.008041 0.007212
7 0.736414 0.366176 0.008456 0.007627
7 0.736041 0.375710 0.008705 0.008124
7 0.754197 0.376041 0.008870 0.008124
21 0.771731 0.376166 0.006632 0.006218
21 0.792124 0.334425 0.006135 0.005140
2 0.819072 0.376937 0.012715 0.024223
2 0.858840 0.379350 0.006868 0.029420
2 0.865847 0.382042 0.006961 0.031462
2 0.869838 0.381717 0.006218 0.033039
3 0.825290 0.378886 0.014200 0.024037
8 0.919850 0.351350 0.007700 0.010500
3 0.052500 0.449409 0.033545 0.009000
9 0.152250 0.405350 0.010900 0.009900
9 0.141900 0.413400 0.010800 0.010400
9 0.130150 0.423250 0.010700 0.011500
9 0.119400 0.431800 0.011000 0.011400
9 0.107000 0.442150 0.011400 0.011900
9 0.116750 0.452500 0.011500 0.011800
9 0.106200 0.461500 0.011400 0.012400
9 0.098000 0.450900 0.011200 0.011600
9 0.088050 0.457500 0.011700 0.012200
15 0.097100 0.464800 0.008400 0.009600
24 0.226444 0.415467 0.004000 0.004089
24 0.228889 0.472267 0.003378 0.004444
24 0.207822 0.433467 0.003733 0.003822
24 0.216933 0.424089 0.003467 0.004089
24 0.221378 0.475600 0.003644 0.003644
2 0.305507 0.436091 0.006102 0.032706
2 0.298880 0.433850 0.006770 0.027271
3 0.258117 0.430751 0.013540 0.025459
2 0.311323 0.435471 0.008772 0.034899
3 0.264887 0.432849 0.014684 0.026031
10 0.335850 0.415900 0.010500 0.009800
10 0.341350 0.425800 0.009700 0.009200
10 0.345450 0.434700 0.010100 0.009400
10 0.349650 0.443950 0.009300 0.009700
10 0.354500 0.452800 0.010000 0.010000
10 0.363500 0.470750 0.009600 0.009900
10 0.379500 0.450300 0.009600 0.010400
10 0.383600 0.459800 0.009800 0.009600
10 0.356050 0.405000 0.009500 0.009000
10 0.361250 0.414400 0.010700 0.010000
3 0.433310 0.443134 0.027883 0.032561
11 0.514900 0.419200 0.029800 0.033600
24 0.587244 0.437378 0.005956 0.005778
24 0.594844 0.424267 0.003378 0.003733
24 0.594444 0.426356 0.003289 0.003644
24 0.600133 0.474978 0.003467 0.003289
24 0.618889 0.456489 0.003289 0.003467
24 0.609867 0.465956 0.003200 0.003378
2 0.646055 0.465757 0.006154 0.017370
2 0.675931 0.441241 0.012506 0.003871
2 0.688486 0.444764 0.004665 0.007940
2 0.646700 0.478511 0.003275 0.002978
2 0.642382 0.478015 0.003970 0.003970
2 0.676328 0.440050 0.013102 0.004069
2 0.675931 0.438213 0.013697 0.003573
12 0.755900 0.447350 0.012400 0.013100
3 0.827184 0.430787 0.008027 0.027275
13 0.934450 0.446900 0.025300 0.023000
2 0.070190 0.544546 0.005286 0.013527
2 0.072788 0.544905 0.005823 0.017469
2 0.078253 0.543964 0.003494 0.014334
2 0.077088 0.543606 0.005823 0.014871
2 0.007615 0.504502 0.011288 0.003494
2 0.018947 0.507682 0.004211 0.007167
2 0.007973 0.503427 0.011825 0.003673
2 0.007615 0.501769 0.012363 0.003225
14 0.108500 0.490100 0.008200 0.007400
14 0.113750 0.497450 0.008500 0.007500
14 0.086550 0.495350 0.008700 0.007500
14 0.092050 0.502700 0.007900 0.007200
14 0.097350 0.510050 0.008500 0.007700
14 0.103600 0.518450 0.008600 0.007700
14 0.108850 0.526100 0.008700 0.007800
14 0.115550 0.535100 0.008700 0.008400
14 0.122200 0.544100 0.008600 0.008200
24 0.214756 0.535422 0.004622 0.006311
24 0.191644 0.551733 0.004800 0.005689
24 0.205067 0.541867 0.004800 0.005689
24 0.202178 0.487022 0.004711 0.004978
24 0.164667 0.513778 0.005067 0.004444
24 0.181911 0.503556 0.004889 0.004444
24 0.177911 0.528267 0.004889 0.004267
24 0.238044 0.509778 0.003733 0.003911
24 0.209333 0.550533 0.003022 0.003644
24 0.210533 0.549556 0.002933 0.003644
24 0.217822 0.544044 0.002578 0.003111
24 0.213822 0.547067 0.002578 0.003111
24 0.216711 0.544978 0.002489 0.003022
24 0.215644 0.545600 0.002489 0.003022
24 0.212711 0.548000 0.002489 0.003022
24 0.211644 0.548622 0.002489 0.003022
24 0.219156 0.543289 0.002400 0.002844
24 0.224844 0.539289 0.002400 0.002844
24 0.214844 0.546311 0.002311 0.002844
24 0.225867 0.538400 0.002311 0.002844
3 0.289318 0.495247 0.021835 0.020329
15 0.392800 0.491350 0.009200 0.006900
15 0.383300 0.492050 0.009800 0.006700
15 0.376550 0.511400 0.009700 0.007400
15 0.367050 0.511000 0.009700 0.005200
15 0.354250 0.535000 0.008900 0.006800
15 0.353900 0.552500 0.007400 0.008600
15 0.337150 0.515750 0.008300 0.007300
15 0.325100 0.492800 0.009600 0.006200
2 0.471706 0.549242 0.015071 0.007299
2 0.470948 0.551469 0.013365 0.006825
2 0.455735 0.539384 0.019147 0.007109
2 0.453602 0.541896 0.018483 0.007772
2 0.453128 0.544739 0.019242 0.008720
2 0.435924 0.532417 0.017251 0.008910
2 0.434929 0.535024 0.017915 0.008436
2 0.433033 0.537867 0.017346 0.007867
16 0.498450 0.528250 0.013900 0.009500
24 0.582267 0.526711 0.002933 0.003467
24 0.583422 0.525911 0.002933 0.003467
24 0.584844 0.524844 0.002933 0.003467
24 0.586089 0.523867 0.002933 0.003467
24 0.587156 0.523067 0.002933 0.003467
24 0.588489 0.522267 0.002933 0.003467
24 0.590978 0.520489 0.002933 0.003467
24 0.592133 0.519689 0.002933 0.003467
24 0.590533 0.529289 0.002933 0.003467
24 0.588933 0.530089 0.002933 0.003467
24 0.586533 0.531511 0.002933 0.003467
24 0.587778 0.530711 0.002933 0.003467
24 0.585556 0.532578 0.002933 0.003467
24 0.568978 0.547244 0.003911 0.002578
24 0.589644 0.521333 0.002933 0.003378
24 0.592489 0.527378 0.002933 0.003378
24 0.591511 0.528444 0.002933 0.003378
24 0.568533 0.548711 0.003911 0.002489
24 0.568089 0.550489 0.003911 0.002489
24 0.574533 0.548844 0.003289 0.001689
24 0.574356 0.550178 0.003289 0.001689
24 0.573244 0.551867 0.003200 0.001689
24 0.575778 0.544578 0.003467 0.001511
24 0.575422 0.546622 0.003289 0.001511
3 0.686506 0.500893 0.023368 0.025475
17 0.769800 0.510550 0.022800 0.022100
2 0.844600 0.548100 0.020200 0.009400
2 0.847850 0.537450 0.018900 0.023500
2 0.871050 0.512600 0.017900 0.008800
2 0.871050 0.510200 0.017900 0.007200
2 0.823300 0.538000 0.021000 0.010000
2 0.822750 0.540700 0.021700 0.010400
2 0.803650 0.530350 0.007300 0.007700
2 0.802800 0.532700 0.005600 0.007200
2 0.850250 0.518500 0.016500 0.007200
2 0.819600 0.496650 0.009200 0.014100
2 0.821150 0.497450 0.009100 0.014500
2 0.828950 0.497750 0.008900 0.014700
2 0.831150 0.499300 0.009100 0.016000
18 0.911250 0.492400 0.004700 0.006400
18 0.896000 0.492500 0.004400 0.006400
18 0.890100 0.492750 0.004800 0.006100
18 0.896150 0.510250 0.004900 0.006300
18 0.890200 0.510150 0.004600 0.006100
18 0.911750 0.536650 0.005100 0.006300
18 0.896550 0.537050 0.005100 0.006300
18 0.929800 0.536650 0.005200 0.006500
18 0.936050 0.536350 0.004500 0.006900
18 0.942100 0.536400 0.004400 0.006200
18 0.948300 0.536300 0.004400 0.006600
18 0.954450 0.536250 0.004700 0.006500
3 0.051316 0.604342 0.017275 0.022171
19 0.120100 0.603950 0.009000 0.010900
24 0.188050 0.579700 0.001500 0.001800
2 0.306875 0.601447 0.014276 0.014211
2 0.288158 0.574704 0.006579 0.009934
2 0.318092 0.585033 0.003816 0.004408
2 0.307796 0.588980 0.013092 0.004803
2 0.290757 0.603618 0.015461 0.005658
2 0.274572 0.598322 0.010987 0.004539
2 0.262368 0.593750 0.012632 0.005263
2 0.248092 0.589243 0.014342 0.006645
2 0.317697 0.583454 0.004605 0.004803
2 0.305132 0.608553 0.013816 0.005395
2 0.290855 0.601974 0.014474 0.006053
2 0.275197 0.596678 0.010789 0.005197
2 0.262467 0.591941 0.013487 0.005855
2 0.263421 0.589770 0.013026 0.005329
2 0.248092 0.586382 0.015000 0.006974
2 0.248882 0.585000 0.014737 0.006184
2 0.289803 0.575066 0.006184 0.009868
2 0.294309 0.575658 0.006382 0.011053
2 0.296118 0.576184 0.008158 0.011447
20 0.356800 0.593900 0.019200 0.021800
3 0.440795 0.586012 0.016842 0.013474
21 0.544439 0.584630 0.008592 0.008019
21 0.545680 0.594463 0.008974 0.008210
21 0.546062 0.604773 0.008783 0.008592
21 0.523389 0.588115 0.008687 0.008115
21 0.523580 0.598091 0.009069 0.008592
21 0.524105 0.608926 0.009737 0.007733
21 0.501146 0.585680 0.008687 0.008019
21 0.500955 0.597088 0.008878 0.008115
21 0.500859 0.609022 0.009069 0.008496
24 0.598844 0.580267 0.003378 0.004444
24 0.591333 0.583600 0.003644 0.003644
3 0.688247 0.590123 0.023210 0.028247
22 0.740850 0.598400 0.010900 0.012000
3 0.866637 0.624619 0.015605 0.006726
23 0.915150 0.597300 0.006300 0.012000
3 0.016348 0.677775 0.014123 0.006675
4 0.095550 0.683300 0.020700 0.012600
24 0.230267 0.641689 0.004711 0.003378
24 0.222489 0.669200 0.003556 0.004533
24 0.216533 0.640756 0.004089 0.001511
3 0.293381 0.661679 0.004508 0.012662
5 0.351800 0.678750 0.015000 0.014300
3 0.447804 0.705047 0.012617 0.016075
6 0.524900 0.683600 0.026600 0.022000
24 0.626444 0.655467 0.004000 0.004089
24 0.628889 0.712267 0.003378 0.004444
24 0.607822 0.673467 0.003733 0.003822
24 0.616933 0.664089 0.003467 0.004089
24 0.621378 0.715600 0.003644 0.003644
3 0.673116 0.662362 0.012418 0.020068
7 0.745250 0.654050 0.005700 0.005700
7 0.753200 0.662350 0.005600 0.005700
7 0.757150 0.666600 0.005500 0.005600
7 0.761150 0.670400 0.005700 0.006000
7 0.770000 0.679750 0.005600 0.005900
7 0.774250 0.683900 0.005700 0.006000
7 0.778450 0.688050 0.005700 0.005900
7 0.782250 0.692550 0.006100 0.005700
7 0.786300 0.696800 0.005800 0.006200
7 0.768650 0.699000 0.005300 0.006200
7 0.734800 0.670650 0.005000 0.005300
7 0.730700 0.674900 0.005200 0.005400
3 0.818630 0.654262 0.013287 0.025180
8 0.916350 0.667250 0.009900 0.007300
3 0.019425 0.784212 0.011047 0.006904
9 0.126100 0.751750 0.007800 0.007500
9 0.119650 0.759100 0.007500 0.007800
9 0.113200 0.766600 0.007600 0.007800
9 0.106250 0.774300 0.007300 0.007600
9 0.099100 0.782200 0.007800 0.007800
9 0.091550 0.790350 0.007700 0.008100
15 0.087100 0.796750 0.006200 0.005700
20 0.150600 0.723700 0.006600 0.006600
20 0.144900 0.729950 0.006800 0.006700
23 0.137400 0.741900 0.003600 0.003200
23 0.135350 0.743800 0.003500 0.003200
23 0.133750 0.745850 0.003300 0.003100
23 0.131850 0.748050 0.003300 0.003300
24 0.187244 0.757378 0.005956 0.005778
24 0.194844 0.744267 0.003378 0.003733
24 0.194444 0.746356 0.003289 0.003644
24 0.200133 0.794978 0.003467 0.003289
24 0.218889 0.776489 0.003289 0.003467
24 0.209867 0.785956 0.003200 0.003378
3 0.290248 0.749950 0.040693 0.021485
10 0.392456 0.755128 0.007701 0.007544
10 0.384283 0.755403 0.007544 0.007780
10 0.376306 0.755717 0.007623 0.007466
10 0.360196 0.756149 0.007623 0.007387
10 0.343890 0.756464 0.007701 0.007544
10 0.335363 0.756974 0.007623 0.007780
10 0.327269 0.757210 0.007466 0.007780
10 0.375167 0.738193 0.007544 0.007308
10 0.367230 0.738468 0.007230 0.007544
10 0.359411 0.738900 0.007308 0.007151
3 0.414289 0.776797 0.024994 0.013259
11 0.488700 0.759250 0.016000 0.018300
13 0.496150 0.742050 0.014500 0.013100
13 0.509000 0.727850 0.013400 0.014700
13 0.527900 0.738250 0.014000 0.014300
13 0.549300 0.747800 0.014200 0.015400
11 0.535300 0.783400 0.016000 0.018400
24 0.614756 0.775422 0.004622 0.006311
24 0.591644 0.791733 0.004800 0.005689
24 0.605067 0.781867 0.004800 0.005689
24 0.602178 0.727022 0.004711 0.004978
24 0.564667 0.753778 0.005067 0.004444
24 0.581911 0.743556 0.004889 0.004444
24 0.577911 0.768267 0.004889 0.004267
24 0.638044 0.749778 0.003733 0.003911
24 0.609333 0.790533 0.003022 0.003644
24 0.610533 0.789556 0.002933 0.003644
24 0.617822 0.784044 0.002578 0.003111
24 0.613822 0.787067 0.002578 0.003111
24 0.616711 0.784978 0.002489 0.003022
24 0.615644 0.785600 0.002489 0.003022
24 0.612711 0.788000 0.002489 0.003022
24 0.611644 0.788622 0.002489 0.003022
24 0.619156 0.783289 0.002400 0.002844
24 0.624844 0.779289 0.002400 0.002844
24 0.614844 0.786311 0.002311 0.002844
24 0.625867 0.778400 0.002311 0.002844
3 0.663286 0.749155 0.025352 0.035023
12 0.772550 0.752150 0.015700 0.014500
3 0.807890 0.754057 0.013383 0.037154
13 0.905066 0.752701 0.006915 0.007395
3 0.024419 0.865302 0.047907 0.018791
14 0.107807 0.809398 0.006651 0.006072
14 0.112723 0.815422 0.006651 0.006169
14 0.092000 0.817253 0.006458 0.006747
14 0.114265 0.843807 0.007036 0.006458
14 0.119277 0.850313 0.007036 0.006940
14 0.124626 0.856819 0.006940 0.006651
14 0.132964 0.838410 0.006843 0.007036
14 0.146265 0.856241 0.006265 0.006265
14 0.151277 0.862699 0.006651 0.006458
24 0.182267 0.846711 0.002933 0.003467
24 0.183422 0.845911 0.002933 0.003467
24 0.184844 0.844844 0.002933 0.003467
24 0.186089 0.843867 0.002933 0.003467
24 0.187156 0.843067 0.002933 0.003467
24 0.188489 0.842267 0.002933 0.003467
24 0.190978 0.840489 0.002933 0.003467
24 0.192133 0.839689 0.002933 0.003467
24 0.190533 0.849289 0.002933 0.003467
24 0.188933 0.850089 0.002933 0.003467
24 0.186533 0.851511 0.002933 0.003467
24 0.187778 0.850711 0.002933 0.003467
24 0.185556 0.852578 0.002933 0.003467
24 0.168978 0.867244 0.003911 0.002578
24 0.189644 0.841333 0.002933 0.003378
24 0.192489 0.847378 0.002933 0.003378
24 0.191511 0.848444 0.002933 0.003378
24 0.168533 0.868711 0.003911 0.002489
24 0.168089 0.870489 0.003911 0.002489
24 0.174533 0.868844 0.003289 0.001689
24 0.174356 0.870178 0.003289 0.001689
24 0.173244 0.871867 0.003200 0.001689
24 0.175778 0.864578 0.003467 0.001511
24 0.175422 0.866622 0.003289 0.001511
3 0.261921 0.820443 0.012118 0.018818
15 0.356300 0.870850 0.007000 0.006100
15 0.339000 0.867950 0.007600 0.005900
15 0.353400 0.851750 0.005200 0.005900
15 0.358900 0.847950 0.005600 0.005900
15 0.352350 0.821250 0.005300 0.004700
15 0.354700 0.817050 0.004600 0.005100
15 0.360300 0.813200 0.005800 0.005200
20 0.354300 0.805550 0.008000 0.006700
3 0.419816 0.806221 0.039263 0.008571
16 0.519700 0.808450 0.015200 0.014100
24 0.588050 0.819700 0.001500 0.001800
3 0.666428 0.860784 0.008242 0.029294
17 0.761850 0.833450 0.029500 0.027700
3 0.863395 0.871772 0.015564 0.007732
18 0.934300 0.808100 0.005600 0.004600
18 0.930400 0.811600 0.005600 0.004800
18 0.927400 0.815100 0.005600 0.004800
18 0.924000 0.818600 0.005400 0.004800
18 0.920750 0.822200 0.005500 0.004800
18 0.917300 0.825700 0.005400 0.005000
18 0.914200 0.829300 0.005600 0.004800
18 0.910550 0.833150 0.005300 0.004900
18 0.904050 0.806950 0.005900 0.004900
18 0.900000 0.810700 0.006400 0.005000
18 0.896350 0.814350 0.006300 0.004900
18 0.892850 0.818150 0.006300 0.005100
3 0.041429 0.951250 0.015179 0.015893
19 0.118400 0.923600 0.008400 0.010800
24 0.198844 0.900267 0.003378 0.004444
24 0.191333 0.903600 0.003644 0.003644
3 0.309641 0.904395 0.007444 0.009327
20 0.351122 0.921512 0.025756 0.025463
3 0.464250 0.945210 0.022281 0.022089
21 0.523842 0.895652 0.007118 0.005743
21 0.523195 0.903296 0.007280 0.006148
21 0.522952 0.911304 0.007442 0.005986
21 0.506127 0.904429 0.007280 0.006633
21 0.505035 0.912437 0.007037 0.006309
21 0.490071 0.892902 0.006714 0.006229
21 0.488979 0.901557 0.006957 0.006390
21 0.487685 0.910617 0.007118 0.006229
7 0.552032 0.931486 0.009788 0.008008
24 0.630267 0.881689 0.004711 0.003378
24 0.622489 0.909200 0.003556 0.004533
24 0.616533 0.880756 0.004089 0.001511
3 0.661154 0.937644 0.024038 0.035865
22 0.743550 0.928150 0.005900 0.004900
3 0.841157 0.900787 0.006944 0.028426
23 0.913650 0.928050 0.009900 0.007900
